44 20:23:12.000000 1 -26.23540333 -48.88594833 10.557 1.0
45 20:23:13.000000 1 -26.23544667 -48.88604167 9.62 1.0
46 20:23:14.000000 1 -26.23550167 -48.886095 8.988 1.0
47 20:23:15.000000 1 -26.23557833 -48.886095 7.637 1.0
48 20:23:16.000000 1 -26.23566333 -48.88603 7.473 1.0
49 20:23:17.000000 1 -26.23573333 -48.88599667 7.244 1.0
50 20:23:18.000000 1 -26.23580167 -48.885935 7.138 1.0
51 20:23:19.000000 1 -26.23586667 -48.88590167 7.008 1.0
52 20:23:20.000000 1 -26.23592167 -48.88588333 7.259 1.0
53 20:23:21.000000 1 -26.23597333 -48.88586833 5.771 1.0
54 20:23:22.000000 1 -26.23602667 -48.88584667 5.049 1.0
55 20:23:23.000000 1 -26.236055 -48.885825 4.403 1.0
56 20:23:24.000000 1 -26.23606167 -48.88580667 3.113 1.0
57 20:23:25.000000 1 -26.236055 -48.88577 3.381 1.0
58 20:23:26.000000 1 -26.23604167 -48.88572 3.223 1.0
59 20:23:27.000000 1 -26.236 -48.88565833 3.927 1.0
60 20:23:28.000000 1 -26.23597333 -48.88561333 4.067 1.0
61 20:23:29.000000 1 -26.23595333 -48.88557 3.815 1.0
62 20:23:30.000000 1 -26.235925 -48.88550833 4.474 1.0
63 20:23:31.000000 1 -26.235885 -48.88543 6.023 1.0
64 20:23:32.000000 1 -26.23582833 -48.885345 7.567 1.0
65 20:23:33.000000 1 -26.23575167 -48.88527333 8.248 1.0
66 20:23:34.000000 1 -26.23570333 -48.88521667 7.669 1.0
67 20:23:35.000000 1 -26.235655 -48.88516167 6.782 1.0
68 20:23:36.000000 1 -26.23561667 -48.88512 6.41 1.0
69 20:23:37.000000 1 -26.23559 -48.88507833 5.917 1.0
70 20:23:38.000000 1 -26.23556333 -48.885035 4.694 1.0
71 20:23:39.000000 1 -26.235545 -48.885035 2.988 1.0
72 20:23:40.000000 1 -26.23552833 -48.88505167 3.18 1.0
73 20:23:41.000000 1 -26.23552833 -48.88509333 3.425 1.0
