20:22:28.000000 0 -26.23551167 -48.88534167 4.866 1
20:22:29.000000 0 -26.23549167 -48.88539667 5.568 1
20:22:30.000000 0 -26.23547333 -48.885455 6.205 1
20:22:31.000000 0 -26.23545333 -48.88552333 7.128 1
20:22:32.000000 0 -26.23543667 -48.8856 7.882 1
20:22:33.000000 0 -26.23541667 -48.88568 8.667 1
20:22:34.000000 0 -26.23540167 -48.88576833 8.036 1
20:22:35.000000 0 -26.23539167 -48.88585833 8.415 1
20:22:36.000000 0 -26.2354 -48.88593833 8.290 1
20:22:37.000000 0 -26.235435 -48.88600333 7.318 1
20:22:38.000000 0 -26.23548 -48.886055 7.151 1
20:22:39.000000 0 -26.23555167 -48.88606833 6.666 1
20:22:40.000000 0 -26.235625 -48.88606833 6.832 1
20:22:41.000000 0 -26.23570667 -48.886045 6.327 1
20:22:42.000000 0 -26.23577 -48.88600833 6.367 1
20:22:43.000000 0 -26.23584333 -48.88597667 6.926 1
20:22:44.000000 0 -26.23592 -48.88596833 6.699 1
20:22:45.000000 0 -26.23598167 -48.88591833 5.894 1
20:22:46.000000 0 -26.23602 -48.88585667 4.730 1
20:22:47.000000 0 -26.23603333 -48.88579833 4.555 1
20:22:48.000000 0 -26.23602167 -48.885755 4.653 1
20:22:49.000000 0 -26.23602667 -48.88569833 4.945 1
20:22:50.000000 0 -26.23601 -48.88562333 5.414 1
20:22:51.000000 0 -26.23599667 -48.88557 5.078 1
20:22:52.000000 0 -26.23596167 -48.88553333 4.282 1
20:22:53.000000 0 -26.23595333 -48.88549167 3.860 1
20:22:54.000000 0 -26.23593167 -48.88545333 4.302 1
20:22:55.000000 0 -26.2359 -48.88541 5.083 1
20:22:56.000000 0 -26.23586333 -48.885345 6.166 1
20:22:57.000000 0 -26.23582 -48.88528833 6.468 1
20:22:58.000000 0 -26.23574833 -48.88523667 7.215 1
20:22:59.000000 0 -26.235695 -48.88518 7.008 1
20:23:00.000000 0 -26.23563833 -48.88513667 7.037 1
20:23:01.000000 0 -26.2356 -48.88509 6.653 1
20:23:02.000000 0 -26.23556833 -48.88504667 5.496 1
20:23:03.000000 0 -26.23555333 -48.88504167 4.194 1
20:23:04.000000 0 -26.23553333 -48.88503167 3.437 1
20:23:05.000000 0 -26.235515 -48.88505833 3.086 1
20:23:06.000000 0 -26.23550667 -48.88511667 3.537 1
20:23:07.000000 0 -26.235495 -48.88520333 5.270 1
20:23:08.000000 1 -26.23547333 -48.88539 12.943 1
20:23:09.000000 1 -26.23543833 -48.88555333 15.781 1
20:23:10.000000 1 -26.23540833 -48.88570667 14.741 1
20:23:11.000000 1 -26.23539333 -48.88584833 12.301 1
20:23:12.000000 1 -26.23540333 -48.88594833 10.557 1
20:23:13.000000 1 -26.23544667 -48.88604167 9.620 1
20:23:14.000000 1 -26.23550167 -48.886095 8.988 1
20:23:15.000000 1 -26.23557833 -48.886095 7.637 1
20:23:16.000000 1 -26.23566333 -48.88603 7.473 1
20:23:17.000000 1 -26.23573333 -48.88599667 7.244 1
20:23:18.000000 1 -26.23580167 -48.885935 7.138 1
20:23:19.000000 1 -26.23586667 -48.88590167 7.008 1
20:23:20.000000 1 -26.23592167 -48.88588333 7.259 1
20:23:21.000000 1 -26.23597333 -48.88586833 5.771 1
20:23:22.000000 1 -26.23602667 -48.88584667 5.049 1
20:23:23.000000 1 -26.236055 -48.885825 4.403 1
20:23:24.000000 1 -26.23606167 -48.88580667 3.113 1
20:23:25.000000 1 -26.236055 -48.88577 3.381 1
20:23:26.000000 1 -26.23604167 -48.88572 3.223 1
20:23:27.000000 1 -26.236 -48.88565833 3.927 1
20:23:28.000000 1 -26.23597333 -48.88561333 4.067 1
20:23:29.000000 1 -26.23595333 -48.88557 3.815 1
20:23:30.000000 1 -26.235925 -48.88550833 4.474 1
20:23:31.000000 1 -26.235885 -48.88543 6.023 1
20:23:32.000000 1 -26.23582833 -48.885345 7.567 1
20:23:33.000000 1 -26.23575167 -48.88527333 8.248 1
20:23:34.000000 1 -26.23570333 -48.88521667 7.669 1
20:23:35.000000 1 -26.235655 -48.88516167 6.782 1
20:23:36.000000 1 -26.23561667 -48.88512 6.410 1
20:23:37.000000 1 -26.23559 -48.88507833 5.917 1
20:23:38.000000 1 -26.23556333 -48.885035 4.694 1
20:23:39.000000 1 -26.235545 -48.885035 2.988 1
20:23:40.000000 1 -26.23552833 -48.88505167 3.180 1
20:23:41.000000 1 -26.23552833 -48.88509333 3.425 1
20:23:42.000000 1 -26.23552333 -48.88516833 5.008 1
20:23:43.000000 1 -26.23550333 -48.88528333 7.602 1
20:23:44.000000 2 -26.23547167 -48.88547167 14.901 1
20:23:45.000000 2 -26.23543167 -48.885655 17.557 1
20:23:46.000000 2 -26.23541333 -48.885825 14.586 1
20:23:47.000000 2 -26.23541833 -48.88596667 13.559 1
20:23:48.000000 2 -26.235445 -48.88607667 10.378 1
20:23:49.000000 2 -26.23548667 -48.88611833 8.881 1
20:23:50.000000 2 -26.235555 -48.88612 7.049 1
20:23:51.000000 2 -26.23562833 -48.88609667 6.075 1
20:23:52.000000 2 -26.23570833 -48.88606333 6.424 1
20:23:53.000000 2 -26.23578167 -48.88602 7.013 1
20:23:54.000000 2 -26.23585833 -48.88598333 7.863 1
20:23:55.000000 2 -26.23593333 -48.88597333 8.032 1
20:23:56.000000 2 -26.23598833 -48.88594 5.448 1
20:23:57.000000 2 -26.23602167 -48.885875 3.718 1
20:23:58.000000 2 -26.23603167 -48.88583167 3.756 1
20:23:59.000000 2 -26.23602 -48.88577 4.518 1
20:24:00.000000 2 -26.23602 -48.88571833 4.955 1
20:24:01.000000 2 -26.23599667 -48.885645 5.263 1
20:24:02.000000 2 -26.23596667 -48.88558167 5.277 1
20:24:03.000000 2 -26.23594667 -48.885525 5.280 1
20:24:04.000000 2 -26.23591833 -48.88545333 6.343 1
20:24:05.000000 2 -26.23588333 -48.88538333 7.199 1
20:24:06.000000 2 -26.23583333 -48.88530667 7.595 1
20:24:07.000000 2 -26.23576333 -48.88523667 8.060 1
20:24:08.000000 2 -26.23571333 -48.88517 8.342 1
20:24:09.000000 2 -26.23566333 -48.885105 7.193 1
20:24:10.000000 2 -26.23562 -48.88505833 6.806 1
20:24:11.000000 2 -26.235585 -48.88499333 7.016 1
20:24:12.000000 2 -26.235565 -48.884965 6.004 1
20:24:13.000000 2 -26.23554667 -48.88499333 2.286 1
20:24:14.000000 2 -26.23553 -48.885025 3.211 1
20:24:15.000000 2 -26.23552 -48.88507 3.911 1
20:24:16.000000 2 -26.23551167 -48.88516667 6.069 1
20:24:17.000000 2 -26.23550333 -48.88529167 8.300 1
20:24:18.000000 3 -26.23546167 -48.88547833 14.284 1
20:24:19.000000 3 -26.23542667 -48.88564 14.595 1
20:24:20.000000 3 -26.23540833 -48.88578 12.472 1
20:24:21.000000 3 -26.23542333 -48.8859 10.543 1
20:24:22.000000 3 -26.23546667 -48.88600833 9.437 1
20:24:23.000000 3 -26.235515 -48.88606 8.670 1
20:24:24.000000 3 -26.23557333 -48.88608 7.801 1
20:24:25.000000 3 -26.23567 -48.88600667 7.404 1
20:24:26.000000 3 -26.235745 -48.88598167 7.842 1
20:24:27.000000 3 -26.23582 -48.88592833 8.354 1
20:24:28.000000 3 -26.23589 -48.88591667 7.848 1
20:24:29.000000 3 -26.23595333 -48.88589333 7.932 1
20:24:30.000000 3 -26.23600167 -48.885865 6.189 1
20:24:31.000000 3 -26.23606 -48.88583 6.178 1
20:24:32.000000 3 -26.23608667 -48.8858 5.289 1
20:24:33.000000 3 -26.23609167 -48.88576833 4.387 1
20:24:34.000000 3 -26.23608 -48.88573 4.099 1
20:24:35.000000 3 -26.23606833 -48.88568333 3.800 1
20:24:36.000000 3 -26.23604 -48.885625 4.333 1
20:24:37.000000 3 -26.23601833 -48.88554833 5.552 1
20:24:38.000000 3 -26.23598667 -48.88547333 5.946 1
20:24:39.000000 3 -26.23597167 -48.88541 6.526 1
20:24:40.000000 3 -26.23592 -48.88533 7.189 1
20:24:41.000000 3 -26.235855 -48.88527333 6.831 1
20:24:42.000000 3 -26.23580167 -48.88521 7.230 1
20:24:43.000000 3 -26.23576 -48.88516 6.386 1
20:24:44.000000 3 -26.23570833 -48.88511167 6.885 1
20:24:45.000000 3 -26.235655 -48.88506667 6.645 1
20:24:46.000000 3 -26.23561667 -48.88502 5.618 1
20:24:47.000000 3 -26.23558833 -48.88499833 4.836 1
20:24:48.000000 3 -26.23554667 -48.885 3.735 1
20:24:49.000000 3 -26.23552667 -48.88503 2.668 1
20:24:50.000000 3 -26.235525 -48.885165 9.312 1
20:24:51.000000 3 -26.23550333 -48.88528 10.005 1
20:24:52.000000 4 -26.23546833 -48.88542667 14.343 1
20:24:53.000000 4 -26.23544167 -48.88558833 15.340 1
20:24:54.000000 4 -26.23541167 -48.88573333 13.523 1
20:24:55.000000 4 -26.23540833 -48.88587 11.832 1
20:24:56.000000 4 -26.23542 -48.88596833 10.638 1
20:24:58.000000 4 -26.235455 -48.88605 8.760 1
20:24:59.000000 4 -26.23559667 -48.88602667 5.655 1
20:25:00.000000 4 -26.235655 -48.88599333 6.404 1
20:25:01.000000 4 -26.23573 -48.88595167 6.779 1
20:25:02.000000 4 -26.23579333 -48.88591167 7.129 1
20:25:03.000000 4 -26.23586833 -48.88588833 8.068 1
20:25:04.000000 4 -26.23594833 -48.88587 8.038 1
20:25:05.000000 4 -26.23601667 -48.88585667 7.007 1
20:25:06.000000 4 -26.23604667 -48.88582333 3.067 1
20:25:07.000000 4 -26.236055 -48.885795 2.658 1
20:25:08.000000 4 -26.23604 -48.88575333 3.583 1
20:25:09.000000 4 -26.236015 -48.88568833 5.225 1
20:25:10.000000 4 -26.23599 -48.88563333 4.712 1
20:25:11.000000 4 -26.23596167 -48.885575 4.509 1
20:25:12.000000 4 -26.23593833 -48.88550333 6.218 1
20:25:13.000000 4 -26.23591167 -48.88542833 6.723 1
20:25:14.000000 4 -26.23586667 -48.88534833 7.102 1
20:25:15.000000 4 -26.23582167 -48.885285 6.764 1
20:25:16.000000 4 -26.23576833 -48.885225 7.570 1
20:25:17.000000 4 -26.23572167 -48.88517333 6.866 1
20:25:18.000000 4 -26.23567167 -48.88513167 6.630 1
20:25:19.000000 4 -26.23563 -48.88508167 6.897 1
20:25:20.000000 4 -26.23560833 -48.88503833 5.531 1
20:25:21.000000 4 -26.23557333 -48.885005 4.978 1
20:25:22.000000 4 -26.23552667 -48.885015 5.311 1
20:25:23.000000 4 -26.23548833 -48.88506667 5.767 1
20:25:24.000000 4 -26.23547167 -48.88512833 6.009 1
20:25:25.000000 4 -26.23546667 -48.885195 6.494 1
20:25:26.000000 4 -26.23547333 -48.88528167 7.441 1
20:25:27.000000 5 -26.23547333 -48.88538667 8.491 1
20:25:28.000000 5 -26.23545167 -48.88554667 13.221 1
20:25:29.000000 5 -26.23541667 -48.88569333 13.413 1
20:25:30.000000 5 -26.23539833 -48.885825 11.667 1
20:25:31.000000 5 -26.23541167 -48.885945 9.105 1
20:25:32.000000 5 -26.23545667 -48.88600667 6.646 1
20:25:33.000000 5 -26.23552333 -48.88603333 7.348 1
20:25:34.000000 5 -26.235595 -48.88602333 6.496 1
20:25:35.000000 5 -26.235675 -48.885985 7.346 1
20:25:36.000000 5 -26.23574 -48.88595833 7.227 1
20:25:37.000000 5 -26.23580667 -48.885925 7.677 1
20:25:38.000000 5 -26.23588333 -48.8859 8.458 1
20:25:39.000000 5 -26.23596 -48.88588 7.868 1
20:25:40.000000 5 -26.23601833 -48.88585 6.229 1
20:25:41.000000 5 -26.236065 -48.88582167 5.337 1
20:25:42.000000 5 -26.23609333 -48.88578167 4.656 1
20:25:43.000000 5 -26.236085 -48.88574333 3.465 1
20:25:44.000000 5 -26.23605167 -48.88569667 4.031 1
20:25:45.000000 5 -26.23600833 -48.88563833 4.461 1
20:25:46.000000 5 -26.23597167 -48.88558 5.209 1
20:25:48.000000 5 -26.23595 -48.88551167 7.411 1
20:25:49.000000 5 -26.23587333 -48.885355 8.448 1
20:25:50.000000 5 -26.23581167 -48.88528667 8.455 1
20:25:51.000000 5 -26.23574167 -48.88522833 8.325 1
20:25:52.000000 5 -26.2357 -48.88518167 7.861 1
20:25:53.000000 5 -26.23565167 -48.88513667 6.787 1
20:25:54.000000 5 -26.23561333 -48.88508167 6.483 1
20:25:55.000000 5 -26.235585 -48.88503333 5.079 1
20:25:56.000000 5 -26.235555 -48.885005 4.910 1
20:25:57.000000 5 -26.23552 -48.885 4.022 1
20:25:58.000000 5 -26.23549833 -48.88504333 2.868 1
20:25:59.000000 5 -26.23549 -48.88518833 9.691 1
20:26:00.000000 5 -26.235475 -48.88531667 11.087 1
20:26:00.000000 6 -26.235475 -48.88531667 11.087 1