76 20:23:44.000000 2 -26.23547167 -48.88547167 14.901 1.0
77 20:23:45.000000 2 -26.23543167 -48.885655 17.557 1.0
78 20:23:46.000000 2 -26.23541333 -48.885825 14.586 1.0
79 20:23:47.000000 2 -26.23541833 -48.88596667 13.559 1.0
80 20:23:48.000000 2 -26.235445 -48.88607667 10.378 1.0
81 20:23:49.000000 2 -26.23548667 -48.88611833 8.881 1.0
82 20:23:50.000000 2 -26.235555 -48.88612 7.049 1.0
83 20:23:51.000000 2 -26.23562833 -48.88609667 6.075 1.0
84 20:23:52.000000 2 -26.23570833 -48.88606333 6.424 1.0
85 20:23:53.000000 2 -26.23578167 -48.88602 7.013 1.0
86 20:23:54.000000 2 -26.23585833 -48.88598333 7.863 1.0
87 20:23:55.000000 2 -26.23593333 -48.88597333 8.032 1.0
88 20:23:56.000000 2 -26.23598833 -48.88594 5.448 1.0
89 20:23:57.000000 2 -26.23602167 -48.885875 3.718 1.0
90 20:23:58.000000 2 -26.23603167 -48.88583167 3.756 1.0
91 20:23:59.000000 2 -26.23602 -48.88577 4.518 1.0
92 20:24:00.000000 2 -26.23602 -48.88571833 4.955 1.0
93 20:24:01.000000 2 -26.23599667 -48.885645 5.263 1.0
94 20:24:02.000000 2 -26.23596667 -48.88558167 5.277 1.0
95 20:24:03.000000 2 -26.23594667 -48.885525 5.28 1.0
96 20:24:04.000000 2 -26.23591833 -48.88545333 6.343 1.0
97 20:24:05.000000 2 -26.23588333 -48.88538333 7.199 1.0
98 20:24:06.000000 2 -26.23583333 -48.88530667 7.595 1.0
99 20:24:07.000000 2 -26.23576333 -48.88523667 8.06 1.0
100 20:24:08.000000 2 -26.23571333 -48.88517 8.342 1.0
101 20:24:09.000000 2 -26.23566333 -48.885105 7.193 1.0
102 20:24:10.000000 2 -26.23562 -48.88505833 6.806 1.0
103 20:24:11.000000 2 -26.235585 -48.88499333 7.016 1.0
104 20:24:12.000000 2 -26.235565 -48.884965 6.004 1.0
105 20:24:13.000000 2 -26.23554667 -48.88499333 2.286 1.0
106 20:24:14.000000 2 -26.23553 -48.885025 3.211 1.0
107 20:24:15.000000 2 -26.23552 -48.88507 3.911 1.0
108 20:24:16.000000 2 -26.23551167 -48.88516667 6.069 1.0
109 20:24:17.000000 2 -26.23550333 -48.88529167 8.3 1.0
