0 20:22:28.000000 0 -26.23551167 -48.88534167 4.866 1
1 20:22:29.000000 0 -26.23549167 -48.88539667 5.568 1
2 20:22:30.000000 0 -26.23547333 -48.885455 6.205 1
3 20:22:31.000000 0 -26.23545333 -48.88552333 7.128 1
4 20:22:32.000000 0 -26.23543667 -48.8856 7.882 1
5 20:22:33.000000 0 -26.23541667 -48.88568 8.667 1
6 20:22:34.000000 0 -26.23540167 -48.88576833 8.036 1
7 20:22:35.000000 0 -26.23539167 -48.88585833 8.415 1
8 20:22:36.000000 0 -26.2354 -48.88593833 8.290 1
9 20:22:37.000000 0 -26.235435 -48.88600333 7.318 1
10 20:22:38.000000 0 -26.23548 -48.886055 7.151 1
11 20:22:39.000000 0 -26.23555167 -48.88606833 6.666 1
12 20:22:40.000000 0 -26.235625 -48.88606833 6.832 1
13 20:22:41.000000 0 -26.23570667 -48.886045 6.327 1
14 20:22:42.000000 0 -26.23577 -48.88600833 6.367 1
15 20:22:43.000000 0 -26.23584333 -48.88597667 6.926 1
16 20:22:44.000000 0 -26.23592 -48.88596833 6.699 1
17 20:22:45.000000 0 -26.23598167 -48.88591833 5.894 1
18 20:22:46.000000 0 -26.23602 -48.88585667 4.730 1
19 20:22:47.000000 0 -26.23603333 -48.88579833 4.555 1
20 20:22:48.000000 0 -26.23602167 -48.885755 4.653 1
21 20:22:49.000000 0 -26.23602667 -48.88569833 4.945 1
22 20:22:50.000000 0 -26.23601 -48.88562333 5.414 1
23 20:22:51.000000 0 -26.23599667 -48.88557 5.078 1
24 20:22:52.000000 0 -26.23596167 -48.88553333 4.282 1
25 20:22:53.000000 0 -26.23595333 -48.88549167 3.860 1
26 20:22:54.000000 0 -26.23593167 -48.88545333 4.302 1
27 20:22:55.000000 0 -26.2359 -48.88541 5.083 1
28 20:22:56.000000 0 -26.23586333 -48.885345 6.166 1
29 20:22:57.000000 0 -26.23582 -48.88528833 6.468 1
30 20:22:58.000000 0 -26.23574833 -48.88523667 7.215 1
31 20:22:59.000000 0 -26.235695 -48.88518 7.008 1
32 20:23:00.000000 0 -26.23563833 -48.88513667 7.037 1
33 20:23:01.000000 0 -26.2356 -48.88509 6.653 1
34 20:23:02.000000 0 -26.23556833 -48.88504667 5.496 1
35 20:23:03.000000 0 -26.23555333 -48.88504167 4.194 1
36 20:23:04.000000 0 -26.23553333 -48.88503167 3.437 1
37 20:23:05.000000 0 -26.235515 -48.88505833 3.086 1
38 20:23:06.000000 0 -26.23550667 -48.88511667 3.537 1
39 20:23:07.000000 0 -26.235495 -48.88520333 5.270 1
40 20:23:08.000000 1 -26.23547333 -48.88539 12.943 1
41 20:23:09.000000 1 -26.23543833 -48.88555333 15.781 1
42 20:23:10.000000 1 -26.23540833 -48.88570667 14.741 1
43 20:23:11.000000 1 -26.23539333 -48.88584833 12.301 1
44 20:23:12.000000 1 -26.23540333 -48.88594833 10.557 1
45 20:23:13.000000 1 -26.23544667 -48.88604167 9.620 1
46 20:23:14.000000 1 -26.23550167 -48.886095 8.988 1
47 20:23:15.000000 1 -26.23557833 -48.886095 7.637 1
48 20:23:16.000000 1 -26.23566333 -48.88603 7.473 1
49 20:23:17.000000 1 -26.23573333 -48.88599667 7.244 1
50 20:23:18.000000 1 -26.23580167 -48.885935 7.138 1
51 20:23:19.000000 1 -26.23586667 -48.88590167 7.008 1
52 20:23:20.000000 1 -26.23592167 -48.88588333 7.259 1
53 20:23:21.000000 1 -26.23597333 -48.88586833 5.771 1
54 20:23:22.000000 1 -26.23602667 -48.88584667 5.049 1
55 20:23:23.000000 1 -26.236055 -48.885825 4.403 1
56 20:23:24.000000 1 -26.23606167 -48.88580667 3.113 1
57 20:23:25.000000 1 -26.236055 -48.88577 3.381 1
58 20:23:26.000000 1 -26.23604167 -48.88572 3.223 1
59 20:23:27.000000 1 -26.236 -48.88565833 3.927 1
60 20:23:28.000000 1 -26.23597333 -48.88561333 4.067 1
61 20:23:29.000000 1 -26.23595333 -48.88557 3.815 1
62 20:23:30.000000 1 -26.235925 -48.88550833 4.474 1
63 20:23:31.000000 1 -26.235885 -48.88543 6.023 1
64 20:23:32.000000 1 -26.23582833 -48.885345 7.567 1
65 20:23:33.000000 1 -26.23575167 -48.88527333 8.248 1
66 20:23:34.000000 1 -26.23570333 -48.88521667 7.669 1
67 20:23:35.000000 1 -26.235655 -48.88516167 6.782 1
68 20:23:36.000000 1 -26.23561667 -48.88512 6.410 1
69 20:23:37.000000 1 -26.23559 -48.88507833 5.917 1
70 20:23:38.000000 1 -26.23556333 -48.885035 4.694 1
71 20:23:39.000000 1 -26.235545 -48.885035 2.988 1
72 20:23:40.000000 1 -26.23552833 -48.88505167 3.180 1
73 20:23:41.000000 1 -26.23552833 -48.88509333 3.425 1
74 20:23:42.000000 1 -26.23552333 -48.88516833 5.008 1
75 20:23:43.000000 1 -26.23550333 -48.88528333 7.602 1
76 20:23:44.000000 2 -26.23547167 -48.88547167 14.901 1
