-26.235392879484035 -48.885457811623695 -26.235550460515963 -48.88548552837631
-26.235353508803666 -48.88563794633801 -26.235509831196335 -48.88567205366199
-26.235333791519388 -48.88581641920156 -26.235492868480613 -48.88583358079843
-26.235498280221854 -48.885963848293855 -26.23533837977815 -48.88596949170615
-26.235522747468977 -48.88605781977275 -26.23536725253102 -48.88609552022725
-26.235543231753592 -48.88606175466942 -26.23543010824641 -48.886174905330584
-26.235556954633637 -48.886040023882266 -26.235553045366366 -48.88619997611773
-26.235604075852972 -48.886020435254956 -26.23565258414703 -48.886172904745045
-26.23567755552595 -48.88598948603107 -26.235739104474053 -48.886137173968926
-26.235740976717626 -48.88595112288646 -26.235822363282377 -48.886088877113544
-26.23582380856359 -48.885911161652174 -26.235892851436407 -48.88605549834783
-26.23592275690239 -48.88589403176795 -26.235943903097613 -48.88605262823205
-26.235946868895372 -48.88587158233559 -26.23602979110463 -48.88600841766441
-26.2359504875676 -48.88583848888775 -26.2360928524324 -48.88591151111225
-26.235953719007558 -48.88581367992558 -26.23610962099244 -48.88584966007442
-26.23609860499037 -48.88575512534072 -26.23594139500963 -48.88578487465928
-26.2361 -48.88571833 -26.23594 -48.88571833
-26.236072904745043 -48.88562074585297 -26.235920435254954 -48.885669254147025
-26.23603896832973 -48.88554742162021 -26.23589437167027 -48.88561591837979
-26.2360221097182 -48.885498375783236 -26.235871230281802 -48.88555162421677
-26.235992724959114 -48.88542391248721 -26.235843935040887 -48.88548274751278
-26.23595488417528 -48.88534755291236 -26.235811775824722 -48.88541910708765
-26.235900337108802 -48.885262965911295 -26.235766322891195 -48.8853503740887
-26.2358198985425 -48.88518010145751 -26.235706761457504 -48.88529323854249
-26.23577733115194 -48.88512200153596 -26.23564932884806 -48.88521799846404
-26.23572673991913 -48.88505622313914 -26.235599920080872 -48.88515377686087
-26.23567862750594 -48.88500389824872 -26.23556137249406 -48.88511276175128
-26.235655437687992 -48.88495540201416 -26.23551456231201 -48.885031257985844
-26.235630354871645 -48.884918861721395 -26.235499645128357 -48.88501113827861
-26.235479503115283 -48.88494987186386 -26.23561383688472 -48.88503678813614
-26.235459207996907 -48.88498773752158 -26.235600792003094 -48.88506226247842
-26.235441905035188 -48.88505264556338 -26.235598094964814 -48.88508735443662
-26.235431965363087 -48.885159801895874 -26.235591374636915 -48.88517353810412
-26.235423507470042 -48.885286344240804 -26.23558315252996 -48.8852969957592
